113.290972
101.692121
131.374835
94.689203
92.056843
104.578078
95.303510
105.784791
125.595461
112.364020
126.061583
100.093628
90.184065
122.810333
73.030331
85.611415
112.109337
123.359480
136.134720
84.839301
90.135243
98.181724
98.691279
89.940562
113.803411
96.552293
89.361948
101.434921
120.669338
72.118664
78.709339
95.424724
108.054235
137.271548
131.538850
64.716559
93.257171
109.708619
101.711083
99.363503
113.028737
121.996523
90.132633
88.433431
113.005191
109.578149
111.851473
92.384133
109.344742
106.438181
121.867595
138.266624
111.618877
80.827524
91.342166
90.294620
97.111883
84.931107
102.900957
117.564515
116.117339
104.583597
96.377101
94.974132
105.752539
87.222526
78.573485
115.108861
122.660445
114.575302
84.731802
97.020465
134.935116
141.252833
91.404877
72.790312
97.286356
96.820387
126.668611
85.321634
105.466668
108.911312
148.334673
92.371247
97.692462
143.021635
119.076997
117.246121
71.305959
114.585326
81.099956
101.648483
106.973430
100.479913
89.572378
77.372402
133.472930
105.944058
108.685110
103.164628
