110.689489
121.168600
89.028890
104.412753
114.803245
123.434919
104.630572
72.659266
124.520660
108.741454
86.809066
94.242358
93.219532
125.691195
74.209223
93.049221
124.633589
80.921194
106.352668
93.121006
112.560762
95.695436
112.342253
98.392056
120.547840
138.839030
80.251304
89.241934
91.162277
107.528001
110.967511
103.777332
80.633375
105.748637
115.540244
101.154265
140.786197
72.239182
120.784469
93.807993
115.169045
101.682398
146.024928
86.649107
93.801697
97.153170
96.832024
101.131973
109.500087
100.047409
114.170075
137.853208
97.944215
135.340749
94.054794
77.079905
132.348316
116.171000
109.456802
111.857355
103.440432
104.508448
90.649558
92.122348
108.715529
135.377751
98.720245
101.090568
128.793047
141.814747
110.929354
123.312049
109.964883
126.030896
103.665131
110.373747
118.771898
87.875291
104.618488
121.462161
129.765714
106.219876
111.467966
103.011543
111.454876
118.000734
94.403164
105.344415
95.171586
117.952262
72.876093
114.385633
118.095990
77.425587
81.914682
86.664126
91.636454
114.451163
90.243252
115.525537
102.039787
79.724068
88.057493
93.042532
76.459512
115.033884
127.503996
115.736471
93.684932
84.267965
91.817252
90.724551
106.320182
128.956362
96.769651
127.970405
138.851060
105.419272
116.166744
117.475963
120.338553
111.300188
108.459296
109.351540
121.282758
142.384631
130.503717
83.089835
140.899246
84.524910
95.670935
113.966384
111.383463
84.632873
98.577398
84.837156
91.509287
89.135579
103.571273
83.903574
108.929853
106.589487
87.532769
116.114543
124.615332
107.181018
101.135725
82.042507
108.112216
113.365141
87.317205
100.661357
90.974997
125.276599
64.183962
98.434726
139.119387
68.860819
119.144262
99.764945
108.219662
92.202738
128.353732
91.961275
119.686670
138.775481
76.153296
95.843626
89.085814
114.575889
103.041111
106.368428
72.979538
126.587388
100.097996
113.654773
119.713792
76.038045
119.470532
89.727258
138.558168
102.982506
142.098203
72.587825
102.048702
102.409935
93.490698
88.551936
127.871410
93.341143
122.857188
123.080443
102.745563
122.172638
98.445851
86.228745
136.549342
110.570111
116.166428
107.322329
