113.260370
101.668090
131.327780
94.668720
92.036910
104.549530
95.287190
105.760590
125.562600
112.336830
126.019820
100.077320
90.167290
122.776080
73.023330
85.591450
112.079750
123.320970
136.085720
84.820930
90.116580
98.162090
98.667610
89.914030
113.770330
96.533190
89.344590
101.412860
120.630240
72.109560
78.698970
95.404970
108.025540
137.230650
131.508960
64.711040
93.245270
109.678060
101.694650
99.337360
112.996130
121.970370
90.112950
88.410790
112.968120
109.555880
111.821540
92.364340
109.321270
106.412030
121.826370
138.221660
111.583410
80.821000
91.324080
90.276990
97.086440
84.917460
102.877190
117.543300
116.085590
104.565060
96.354470
94.961200
105.728660
87.208650
78.555990
115.072450
122.629470
114.542870
84.715810
97.005970
134.883910
141.204290
91.389500
72.779440
97.264840
96.798780
126.636030
85.305980
105.440110
108.883470
148.282550
92.354070
97.677840
142.971760
119.054380
117.209520
71.301100
114.554750
81.087270
101.628180
106.941490
100.463260
89.550650
77.361110
133.421330
105.918550
108.660300
103.143660
