109.912095
112.445013
102.722114
106.099427
109.218123
103.633878
101.712685
101.371682
94.298583
101.231495
105.798387
102.123069
96.536117
106.101949
109.873106
96.375824
103.877405
101.822375
107.951023
106.430284
106.511490
104.981871
110.058890
103.208813
104.785975
114.564750
108.251339
97.913888
100.863255
105.179361
101.093331
104.432942
95.093373
102.751363
110.997872
99.763421
115.931551
100.658011
106.696193
102.778766
108.321991
109.959960
111.313011
115.873197
95.438891
101.962957
110.167980
99.773099
111.775296
101.161224
105.401015
109.829236
106.590544
110.418955
94.020311
105.625969
96.380374
114.772968
112.212705
102.178697
101.246258
103.867844
107.010715
103.267944
105.317258
110.125495
115.372693
93.278016
111.802529
114.534480
116.949309
103.196637
106.348337
109.956701
103.413793
100.052076
99.090619
104.148958
106.050460
109.902854
109.632801
108.889178
97.560750
108.436387
95.147842
107.418167
108.131631
104.906253
108.441207
108.302233
112.028194
99.514491
109.396110
102.362860
99.693149
98.382669
107.900346
104.974778
107.915724
107.836141
